3249 3306 3363 3420 3477 3534 3591 3648 3591 3534 3477 3420 3363 3306 3249
3306 3364 3422 3480 3538 3596 3654 3712 3654 3596 3538 3480 3422 3364 3306
3363 3422 3481 3540 3599 3658 3717 3776 3717 3658 3599 3540 3481 3422 3363
3420 3480 3540 3600 3660 3720 3780 3840 3780 3720 3660 3600 3540 3480 3420
3477 3538 3599 3660 3721 3782 3843 3904 3843 3782 3721 3660 3599 3538 3477
3534 3596 3658 3720 3782 3844 3906 3968 3906 3844 3782 3720 3658 3596 3534
3591 3654 3717 3780 3843 3906 3969 4032 3969 3906 3843 3780 3717 3654 3591
3648 3712 3776 3840 3904 3968 4032 4096 4032 3968 3904 3840 3776 3712 3648
3591 3654 3717 3780 3843 3906 3969 4032 3969 3906 3843 3780 3717 3654 3591
3534 3596 3658 3720 3782 3844 3906 3968 3906 3844 3782 3720 3658 3596 3534
3477 3538 3599 3660 3721 3782 3843 3904 3843 3782 3721 3660 3599 3538 3477
3420 3480 3540 3600 3660 3720 3780 3840 3780 3720 3660 3600 3540 3480 3420
3363 3422 3481 3540 3599 3658 3717 3776 3717 3658 3599 3540 3481 3422 3363
3306 3364 3422 3480 3538 3596 3654 3712 3654 3596 3538 3480 3422 3364 3306
3249 3306 3363 3420 3477 3534 3591 3648 3591 3534 3477 3420 3363 3306 3249
